Day,death_cnt,case_cnt,daily_death,daily_cases,std_case_cnt,std_death_cnt,std_daily_death,std_daily_cases
2020-03-11,0.0,157.0,,,0.0,0.0,0.0,0.0
2020-03-12,0.0,202.0,0.0,45.0,0.0,0.0,0.0,0.0
2020-03-13,0.0,202.0,0.0,0.0,0.0,0.0,0.0,0.0
2020-03-14,0.0,252.0,0.0,50.0,0.0,0.0,0.0,0.0
2020-03-15,0.0,293.0,0.0,41.0,0.0,0.0,0.0,0.0
2020-03-16,0.0,335.0,0.0,42.0,0.0,0.0,0.0,0.0
2020-03-17,0.0,483.0,0.0,148.0,0.0,0.0,0.0,0.0
2020-03-18,13.0,611.0,13.0,128.0,0.0,0.0,0.0,0.0
2020-03-19,18.0,924.0,5.0,313.0,0.0,0.0,0.0,0.0
2020-03-20,20.0,1063.0,2.0,139.0,0.0,0.0,0.0,0.0
2020-03-21,24.0,1279.0,4.0,216.0,0.0,0.0,0.0,0.0
2020-03-22,27.0,1536.0,3.0,257.0,0.0,0.0,0.0,0.0
2020-03-23,27.0,1733.0,0.0,197.0,0.0,0.0,0.0,0.0
2020-03-24,40.0,2102.0,13.0,369.0,0.0,0.0,0.0,0.0
2020-03-25,53.0,2355.0,13.0,253.0,0.0,0.0,0.0,0.0
2020-03-26,65.0,3006.0,12.0,651.0,0.0,0.0,0.0,0.0
2020-03-27,78.0,3879.0,13.0,873.0,0.0,0.0,0.0,0.0
2020-03-28,101.0,4643.0,23.0,764.0,0.0,0.0,0.0,0.0
2020-03-29,123.0,5708.0,22.0,1065.0,0.0,0.0,0.0,0.0
2020-03-30,133.0,6447.0,10.0,739.0,0.0,0.0,0.0,0.0
2020-03-31,153.0,7482.0,20.0,1035.0,0.0,0.0,0.0,0.0
2020-04-01,171.0,8155.0,18.0,673.0,0.0,0.0,0.0,0.0
2020-04-02,203.0,9191.0,32.0,1036.0,0.0,0.0,0.0,0.0
2020-04-03,237.0,10701.0,34.0,1510.0,0.0,0.0,0.0,0.0
2020-04-04,276.0,12026.0,39.0,1325.0,0.0,0.0,0.0,0.0
2020-04-05,319.0,13438.0,43.0,1412.0,0.0,0.0,0.0,0.0
2020-04-06,343.0,14336.0,24.0,898.0,0.0,0.0,0.0,0.0
2020-04-07,374.0,15865.0,31.0,1529.0,0.0,0.0,0.0,0.0
2020-04-08,442.0,16957.0,68.0,1092.0,0.0,0.0,0.0,0.0
2020-04-09,492.0,18309.0,50.0,1352.0,0.0,0.0,0.0,0.0
2020-04-10,541.0,19472.0,49.0,1163.0,0.0,0.0,0.0,0.0
2020-04-11,609.0,20615.0,68.0,1143.0,0.0,0.0,0.0,0.0
2020-04-12,651.0,21794.0,42.0,1179.0,0.0,0.0,0.0,0.0
2020-04-13,687.0,22348.0,36.0,554.0,0.0,0.0,0.0,0.0
2020-04-14,758.0,23338.0,71.0,990.0,0.0,0.0,0.0,0.0
2020-04-15,821.0,24424.0,63.0,1086.0,0.0,0.0,0.0,0.0
2020-04-16,890.0,26182.0,69.0,1758.0,0.0,0.0,0.0,0.0
2020-04-17,985.0,27528.0,95.0,1346.0,0.0,0.0,0.0,0.0
2020-04-18,1072.0,28963.0,87.0,1435.0,0.0,0.0,0.0,0.0
2020-04-19,1166.0,30333.0,94.0,1370.0,0.0,0.0,0.0,0.0
2020-04-20,1208.0,30978.0,42.0,645.0,0.0,0.0,0.0,0.0
2020-04-21,1268.0,33261.0,60.0,2283.0,0.0,0.0,0.0,0.0
2020-04-22,1354.0,35396.0,86.0,2135.0,0.0,0.0,0.0,0.0
2020-04-23,1469.0,37369.0,115.0,1973.0,0.0,0.0,0.0,0.0
2020-04-24,1562.0,39254.0,93.0,1885.0,0.0,0.0,0.0,0.0
2020-04-25,1651.0,41137.0,89.0,1883.0,0.0,0.0,0.0,0.0
2020-04-26,1710.0,42164.0,59.0,1027.0,0.0,0.0,0.0,0.0
2020-04-27,1755.0,43464.0,45.0,1300.0,0.0,0.0,0.0,0.0
2020-04-28,1809.0,45031.0,54.0,1567.0,0.0,0.0,0.0,0.0
2020-04-29,1887.0,46500.0,78.0,1469.0,0.0,0.0,0.0,0.0
2020-04-30,1982.0,48917.0,95.0,2417.0,0.0,0.0,0.0,0.0
2020-05-01,2073.0,50442.0,91.0,1525.0,0.0,0.0,0.0,0.0
2020-05-02,2171.0,52197.0,98.0,1755.0,0.0,0.0,0.0,0.0
2020-05-03,2215.0,53616.0,44.0,1419.0,0.0,0.0,0.0,0.0
2020-05-04,2254.0,54937.0,39.0,1321.0,0.0,0.0,0.0,0.0
2020-05-05,2317.0,56212.0,63.0,1275.0,0.0,0.0,0.0,0.0
2020-05-06,2412.0,58815.0,95.0,2603.0,0.0,0.0,0.0,0.0
2020-05-07,2504.0,60614.0,92.0,1799.0,0.0,0.0,0.0,0.0
2020-05-08,2585.0,62512.0,81.0,1898.0,0.0,0.0,0.0,0.0
2020-05-09,2678.0,64561.0,93.0,2049.0,0.0,0.0,0.0,0.0
2020-05-10,2745.0,66680.0,67.0,2119.0,0.0,0.0,0.0,0.0
2020-05-11,2770.0,67939.0,25.0,1259.0,0.0,0.0,0.0,0.0
2020-05-12,2847.0,69382.0,77.0,1443.0,0.0,0.0,0.0,0.0
2020-05-13,2934.0,71141.0,87.0,1759.0,0.0,0.0,0.0,0.0
2020-05-14,3032.0,73164.0,98.0,2023.0,0.0,0.0,0.0,0.0
2020-05-15,3108.0,74936.0,76.0,1772.0,0.0,0.0,0.0,0.0
2020-05-16,3042.3939393939395,66265.15151515152,,,31.52976483485832,31.371723054593147,44.36631621881833,44.36631621881833
2020-05-17,3106.181818181818,67470.70707070707,63.787878787878526,1205.5555555555475,31.720182603370965,31.561186439923496,44.63425790792563,44.63425790792563
2020-05-18,3169.030303030303,68654.47474747474,62.848484848484986,1183.7676767676749,31.90653005377648,31.74659990971611,44.896472151553,44.896472151553
2020-05-19,3230.909090909091,69815.95959595959,61.87878787878799,1161.484848484848,32.08883133405679,31.927987491433186,45.15299292966335,45.15299292966335
2020-05-20,3291.6969696969695,70954.74747474748,60.787878787878526,1138.7878787878872,32.26711430427937,32.105376905944595,45.40385944548681,45.40385944548681
2020-05-21,3351.656565656566,72070.43434343435,59.9595959595963,1115.6868686868693,32.44140636395706,32.27879541389267,45.64911025139347,45.64911025139347
2020-05-22,3410.5050505050503,73162.9191919192,58.84848484848453,1092.484848484848,32.611741501680115,32.44827683372604,45.88879317389208,45.88879317389208
2020-05-23,3468.2626262626263,74231.63636363637,57.75757575757598,1068.7171717171732,32.77832629182208,32.61402670360323,46.12319888783398,46.12319888783398
2020-05-24,3524.949494949495,75276.71717171717,56.68686868686882,1045.0808080808056,32.941174732459196,32.776058952138364,46.352347091254174,46.352347091254174
2020-05-25,3580.5757575757575,76297.9696969697,55.62626262626236,1021.2525252525229,33.10039733879876,32.93448353955984,46.576393291398986,46.576393291398986
2020-05-26,3635.080808080808,77295.59595959596,54.50505050505035,997.6262626262615,33.2560455021967,33.089351600258844,46.795409803217936,46.795409803217936
2020-05-27,3688.4444444444443,78269.29292929293,53.36363636363649,973.6969696969754,33.40821733241362,33.24076075256975,47.00953467988343,47.00953467988343
2020-05-28,3740.686868686869,79219.24242424243,52.24242424242448,949.9494949494983,33.556987893978096,33.3887856853825,47.218873547436594,47.218873547436594
2020-05-29,3791.7373737373737,80145.53535353535,51.05050505050485,926.2929292929184,33.702433479346766,33.53350230814422,47.42353375804705,47.42353375804705
2020-05-30,3841.6161616161617,81048.26262626263,49.87878787878799,902.7272727272793,33.84455518607889,33.67491171297189,47.62351685620145,47.62351685620145
2020-05-31,3890.40404040404,81927.49494949495,48.787878787878526,879.2323232323251,33.983455320082584,33.81311569238412,47.818966798260156,47.818966798260156
2020-06-01,3937.909090909091,82783.29292929293,47.505050505050804,855.7979797979788,34.119080816386465,33.94806144811865,48.00980891620461,48.00980891620461
2020-06-02,3984.373737373737,83615.84848484848,46.464646464646194,832.5555555555475,34.25165839774959,34.079974565157464,48.19636223537581,48.19636223537581
2020-06-03,4029.717171717172,84425.30303030302,45.34343434343464,809.4545454545441,34.381085090643026,34.208752585536715,48.3784818583317,48.3784818583317
2020-06-04,4073.909090909091,85212.09090909091,44.19191919191917,786.7878787878872,34.507463944604424,34.33449804266363,48.5563127892074,48.5563127892074
2020-06-05,4116.939393939394,85976.49494949495,43.030303030303,764.4040404040425,34.63089275143354,34.457308237416775,48.72999263222498,48.72999263222498
2020-06-06,4158.828282828283,86718.9494949495,41.88888888888869,742.4545454545441,34.751349228864285,34.577161001509545,48.899490036692875,48.899490036692875
2020-06-07,4199.565656565656,87439.65656565657,40.73737373737367,720.707070707067,34.86892426096021,34.69414676151064,49.06493288509094,49.06493288509094
2020-06-08,4239.20202020202,88138.83838383839,39.63636363636397,699.1818181818235,34.9837007732013,34.80834802901906,49.22643786644155,49.22643786644155
2020-06-09,4277.686868686868,88816.78787878787,38.484848484848044,677.9494949494838,35.09566239953184,34.91974851927088,49.38398195061069,49.38398195061069
2020-06-10,4315.232323232323,89473.83838383839,37.54545454545496,657.0505050505162,35.20485125096628,35.02839013265239,49.53762439369291,49.53762439369291
2020-06-11,4351.636363636364,90110.28282828283,36.40404040404064,636.444444444438,35.31121230664073,35.134218123354856,49.68728777342303,49.68728777342303
2020-06-12,4386.979797979798,90726.59595959596,35.34343434343373,616.3131313131307,35.41495017095416,35.23743606988749,49.83325999328978,49.83325999328978
2020-06-13,4421.262626262626,91323.15151515152,34.28282828282863,596.555555555562,35.51607481580897,35.338053894587624,49.97555508559719,49.97555508559719
2020-06-14,4454.49494949495,91900.60606060606,33.232323232323324,577.4545454545441,35.614493074863,35.43597889710731,50.11404195225595,50.11404195225595
2020-06-15,4486.818181818182,92459.26262626263,32.32323232323233,558.6565656565654,35.71050757501309,35.531512187825264,50.24914642764742,50.24914642764742
2020-06-16,4518.080808080808,92999.57575757576,31.262626262626327,540.3131313131307,35.8039525981888,35.62448887910564,50.3806353254407,50.3806353254407
2020-06-17,4548.292929292929,93521.82828282828,30.21212121212102,522.2525252525229,35.89505050724141,35.71513021962792,50.50882153851899,50.50882153851899
2020-06-18,4577.646464646465,94026.44444444444,29.353535353535335,504.6161616161553,35.98362760125825,35.80326337955699,50.63346064858547,50.63346064858547
2020-06-19,4605.989898989899,94513.71717171717,28.343434343434637,487.2727272727352,36.06979769907438,35.88900160702868,50.75471281268977,50.75471281268977
2020-06-20,4633.474747474747,94984.1313131313,27.484848484848044,470.41414141413406,36.15371478743702,35.97249811720585,50.87279470979315,50.87279470979315
2020-06-21,4660.10101010101,95438.1313131313,26.62626262626236,454.0,36.23527648099326,36.05365103830066,50.987562271431614,50.987562271431614
2020-06-22,4685.747474747474,95876.101010101,25.646464646464665,437.9696969696961,36.31454709209151,36.132524359438804,51.09910599189459,51.09910599189459
2020-06-23,4710.616161616162,96298.57575757576,24.86868686868729,422.47474747475644,36.39165784277123,36.20924864514127,51.207610517298406,51.207610517298406
2020-06-24,4734.606060606061,96706.11111111111,23.989898989899302,407.5353535353497,36.466549017295314,36.28376447864593,51.312991819652225,51.312991819652225
2020-06-25,4757.787878787879,97098.84848484848,23.181818181818016,392.73737373737094,36.539367505218586,36.35621801252153,51.41545658990096,51.41545658990096
2020-06-26,4780.111111111111,97477.33333333333,22.323232323232332,378.48484848484804,36.61001093442111,36.42650738866745,51.51486077893727,51.51486077893727
2020-06-27,4801.747474747474,97841.9191919192,21.636363636363058,364.58585858586594,36.67869434479767,36.49484656942427,51.611506975205025,51.611506975205025
2020-06-28,4822.565656565656,98192.9696969697,20.818181818181984,351.05050505050167,36.74533636638613,36.56115459308968,51.70528068156681,51.70528068156681
2020-06-29,4842.636363636364,98530.76767676767,20.070707070707613,337.79797979797877,36.809998265078995,36.62549241705985,51.796268104799,51.796268104799
2020-06-30,4862.060606060606,98855.9696969697,19.42424242424204,325.20202020202123,36.87271439826213,36.687894227860646,51.88451759195012,51.88451759195012
