Day,death_cnt,case_cnt,daily_death,daily_cases,std_case_cnt,std_death_cnt,std_daily_death,std_daily_cases
2020-03-11,0.0,7.0,,,0.0,0.0,0.0,0.0
2020-03-12,0.0,12.0,0.0,5.0,0.0,0.0,0.0,0.0
2020-03-13,0.0,15.0,0.0,3.0,0.0,0.0,0.0,0.0
2020-03-14,0.0,23.0,0.0,8.0,0.0,0.0,0.0,0.0
2020-03-15,0.0,32.0,0.0,9.0,0.0,0.0,0.0,0.0
2020-03-16,0.0,33.0,0.0,1.0,0.0,0.0,0.0,0.0
2020-03-17,0.0,40.0,0.0,7.0,0.0,0.0,0.0,0.0
2020-03-18,0.0,63.0,0.0,23.0,0.0,0.0,0.0,0.0
2020-03-19,0.0,97.0,0.0,34.0,0.0,0.0,0.0,0.0
2020-03-20,0.0,137.0,0.0,40.0,0.0,0.0,0.0,0.0
2020-03-21,0.0,184.0,0.0,47.0,0.0,0.0,0.0,0.0
2020-03-22,0.0,255.0,0.0,71.0,0.0,0.0,0.0,0.0
2020-03-23,0.0,297.0,0.0,42.0,0.0,0.0,0.0,0.0
2020-03-24,0.0,398.0,0.0,101.0,0.0,0.0,0.0,0.0
2020-03-25,1.0,504.0,1.0,106.0,0.0,0.0,0.0,0.0
2020-03-26,2.0,636.0,1.0,132.0,0.0,0.0,0.0,0.0
2020-03-27,3.0,763.0,1.0,127.0,0.0,0.0,0.0,0.0
2020-03-28,4.0,935.0,1.0,172.0,0.0,0.0,0.0,0.0
2020-03-29,4.0,1040.0,0.0,105.0,0.0,0.0,0.0,0.0
2020-03-30,6.0,1307.0,2.0,267.0,0.0,0.0,0.0,0.0
2020-03-31,8.0,1498.0,2.0,191.0,0.0,0.0,0.0,0.0
2020-04-01,10.0,1584.0,2.0,86.0,0.0,0.0,0.0,0.0
2020-04-02,16.0,1857.0,6.0,273.0,0.0,0.0,0.0,0.0
2020-04-03,19.0,2093.0,3.0,236.0,0.0,0.0,0.0,0.0
2020-04-04,24.0,2402.0,5.0,309.0,0.0,0.0,0.0,0.0
2020-04-05,31.0,2585.0,7.0,183.0,0.0,0.0,0.0,0.0
2020-04-06,33.0,2870.0,2.0,285.0,0.0,0.0,0.0,0.0
2020-04-07,46.0,3221.0,13.0,351.0,0.0,0.0,0.0,0.0
2020-04-08,53.0,3426.0,7.0,205.0,0.0,0.0,0.0,0.0
2020-04-09,65.0,3651.0,12.0,225.0,0.0,0.0,0.0,0.0
2020-04-10,74.0,3908.0,9.0,257.0,0.0,0.0,0.0,0.0
2020-04-11,80.0,4312.0,6.0,404.0,0.0,0.0,0.0,0.0
2020-04-12,81.0,4520.0,1.0,208.0,0.0,0.0,0.0,0.0
2020-04-13,86.0,4816.0,5.0,296.0,0.0,0.0,0.0,0.0
2020-04-14,108.0,5024.0,22.0,208.0,0.0,0.0,0.0,0.0
2020-04-15,117.0,5123.0,9.0,99.0,0.0,0.0,0.0,0.0
2020-04-16,131.0,5465.0,14.0,342.0,0.0,0.0,0.0,0.0
2020-04-17,152.0,5859.0,21.0,394.0,0.0,0.0,0.0,0.0
2020-04-18,164.0,6140.0,12.0,281.0,0.0,0.0,0.0,0.0
2020-04-19,172.0,6493.0,8.0,353.0,0.0,0.0,0.0,0.0
2020-04-20,179.0,6764.0,7.0,271.0,0.0,0.0,0.0,0.0
2020-04-21,213.0,6951.0,34.0,187.0,0.0,0.0,0.0,0.0
2020-04-22,242.0,7220.0,29.0,269.0,0.0,0.0,0.0,0.0
2020-04-23,253.0,7608.0,11.0,388.0,0.0,0.0,0.0,0.0
2020-04-24,269.0,8052.0,16.0,444.0,0.0,0.0,0.0,0.0
2020-04-25,289.0,8623.0,20.0,571.0,0.0,0.0,0.0,0.0
2020-04-26,299.0,8830.0,10.0,207.0,0.0,0.0,0.0,0.0
2020-04-27,306.0,9142.0,7.0,312.0,0.0,0.0,0.0,0.0
2020-04-28,342.0,9568.0,36.0,426.0,0.0,0.0,0.0,0.0
2020-04-29,354.0,9948.0,12.0,380.0,0.0,0.0,0.0,0.0
2020-04-30,378.0,10509.0,24.0,561.0,0.0,0.0,0.0,0.0
2020-05-01,399.0,10923.0,21.0,414.0,0.0,0.0,0.0,0.0
2020-05-02,420.0,11509.0,21.0,586.0,0.0,0.0,0.0,0.0
2020-05-03,422.0,11664.0,2.0,155.0,0.0,0.0,0.0,0.0
2020-05-04,430.0,11848.0,8.0,184.0,0.0,0.0,0.0,0.0
2020-05-05,452.0,12256.0,22.0,408.0,0.0,0.0,0.0,0.0
2020-05-06,477.0,12758.0,25.0,502.0,0.0,0.0,0.0,0.0
2020-05-07,507.0,13397.0,30.0,639.0,0.0,0.0,0.0,0.0
2020-05-08,527.0,13868.0,20.0,471.0,0.0,0.0,0.0,0.0
2020-05-09,544.0,14360.0,17.0,492.0,0.0,0.0,0.0,0.0
2020-05-10,547.0,14764.0,3.0,404.0,0.0,0.0,0.0,0.0
2020-05-11,550.0,15045.0,3.0,281.0,0.0,0.0,0.0,0.0
2020-05-12,577.0,15346.0,27.0,301.0,0.0,0.0,0.0,0.0
2020-05-13,597.0,15816.0,20.0,470.0,0.0,0.0,0.0,0.0
2020-05-14,615.0,16507.0,18.0,691.0,0.0,0.0,0.0,0.0
2020-05-15,641.0,17129.0,26.0,622.0,0.0,0.0,0.0,0.0
2020-05-16,631.040404040404,15285.363636363636,,,20.816938902448566,20.712594929591624,29.29203266136868,29.29203266136868
2020-05-17,647.0808080808081,15556.212121212122,16.04040404040404,270.8484848484859,21.241436142516434,21.134964450733168,29.88935336650008,29.88935336650008
2020-05-18,662.939393939394,15821.636363636364,15.858585858585911,265.42424242424204,21.65563199741533,21.547084216683714,30.47217872882937,30.47217872882937
2020-05-19,678.6161616161617,16081.61616161616,15.676767676767668,259.9797979797968,22.05881377665929,21.94824511282772,31.039505908849968,31.039505908849968
2020-05-20,694.2121212121212,16335.929292929293,15.595959595959584,254.31313131313254,22.45186407207556,22.339325301956826,31.592576816291782,31.592576816291782
2020-05-21,709.5454545454545,16584.696969696968,15.333333333333258,248.76767676767486,22.833882022772336,22.719428441831973,32.130123831803814,32.130123831803814
2020-05-22,724.7979797979798,16827.80808080808,15.252525252525288,243.11111111111313,23.20604514760159,23.08972614656935,32.65380386795904,32.65380386795904
2020-05-23,739.8282828282828,17065.343434343435,15.030303030303003,237.53535353535335,23.56809734457494,23.44996360379036,33.163256565635784,33.163256565635784
2020-05-24,754.5555555555555,17297.20202020202,14.727272727272748,231.8585858585866,23.920805424890602,23.800903778604397,33.65956092043938,33.65956092043938
2020-05-25,769.1818181818181,17523.434343434343,14.626262626262587,226.2323232323215,24.26408493436865,24.14246264028124,34.1425980949715,34.1425980949715
2020-05-26,783.5656565656566,17744.060606060608,14.383838383838452,220.6262626262651,24.598753414598352,24.475453629739906,34.613518468411975,34.613518468411975
2020-05-27,797.7070707070707,17958.9797979798,14.141414141414089,214.91919191919078,24.924069684909675,24.799139287762888,35.071279115933734,35.071279115933734
2020-05-28,811.6161616161617,18168.303030303032,13.909090909090992,209.32323232323324,25.240996298592012,25.11447733699925,35.517234461896074,35.517234461896074
2020-05-29,825.3030303030303,18372.060606060608,13.686868686868593,203.75757575757598,25.549727840540292,25.421661387150092,35.95165831176409,35.95165831176409
2020-05-30,838.6666666666666,18570.272727272728,13.363636363636374,198.2121212121201,25.85042699004738,25.72085330226752,36.374779575875536,36.374779575875536
2020-05-31,851.89898989899,18763.08080808081,13.232323232323324,192.8080808080813,26.143054857430343,26.012014387456095,36.78654353138449,36.78654353138449
2020-06-01,864.8787878787879,18950.484848484848,12.979797979797922,187.40404040403882,26.428050490130495,26.295581492234092,37.1875679768044,37.1875679768044
2020-06-02,877.5757575757576,19132.484848484848,12.696969696969745,182.0,26.705995164625236,26.572132979491332,37.578670840778045,37.578670840778045
2020-06-03,890.010101010101,19309.151515151516,12.434343434343418,176.66666666666788,26.97640720578014,26.841189588531876,37.9591743463293,37.9591743463293
2020-06-04,902.2020202020202,19480.60606060606,12.191919191919169,171.45454545454413,27.239789807889053,27.10325199109778,38.329786550226075,38.329786550226075
2020-06-05,914.1515151515151,19646.929292929293,11.94949494949492,166.32323232323324,27.49699375891514,27.35916671034136,38.691704616991245,38.691704616991245
2020-06-06,925.7676767676768,19808.272727272728,11.616161616161662,161.34343434343464,27.747425362652063,27.608343028274657,39.04409314523471,39.04409314523471
2020-06-07,937.2323232323232,19964.656565656565,11.464646464646421,156.38383838383743,27.991573522992386,27.85126739562822,39.38764008017702,39.38764008017702
2020-06-08,948.3232323232323,20116.282828282827,11.090909090909122,151.62626262626145,28.229406927001357,28.0879086535776,39.722301356586065,39.722301356586065
2020-06-09,959.3434343434343,20263.121212121212,11.020202020201964,146.8383838383852,28.461584166092983,28.318922097358488,40.04900370187151,40.04900370187151
2020-06-10,969.929292929293,20405.303030303032,10.58585858585866,142.18181818181984,28.687666928064193,28.543871606827093,40.367130349011184,40.367130349011184
2020-06-11,980.2929292929293,20542.909090909092,10.363636363636374,137.60606060606005,28.908058886922174,28.763158837223745,40.67724932429336,40.67724932429336
2020-06-12,990.5151515151515,20675.949494949495,10.222222222222172,133.0404040404028,29.1229861861187,28.977008798458094,40.97967883978394,40.97967883978394
2020-06-13,1000.3232323232323,20804.60606060606,9.808080808080831,128.65656565656536,29.33235725689997,29.18533038036704,41.27429004625459,41.27429004625459
2020-06-14,1010.0,20929.010101010103,9.676767676767668,124.40404040404246,29.536244727907103,29.388195847259098,41.56118514087049,41.56118514087049
2020-06-15,1019.4040404040404,21049.151515151516,9.404040404040416,120.1414141414134,29.735034091041403,29.585988761060396,41.84090656210958,41.84090656210958
2020-06-16,1028.5555555555557,21165.424242424244,9.151515151515241,116.27272727272793,29.928481776795085,29.778466769952868,42.11311157274388,42.11311157274388
2020-06-17,1037.4242424242425,21277.696969696968,8.868686868686837,112.2727272727243,30.117401575067937,29.96643958722629,42.378945280289436,42.378945280289436
2020-06-18,1046.141414141414,21386.050505050505,8.717171717171595,108.35353535353715,30.301244407687506,30.149360884677435,42.63763505999173,42.63763505999173
2020-06-19,1054.5454545454545,21490.676767676767,8.404040404040416,104.62626262626145,30.480508321466772,30.327726212183297,42.88988172520764,42.88988172520764
2020-06-20,1062.7575757575758,21591.646464646463,8.212121212121247,100.96969696969609,30.655080758767987,30.501423578402374,43.13552689626314,43.13552689626314
2020-06-21,1070.828282828283,21689.030303030304,8.070707070707158,97.38383838384107,30.825301835667922,30.670791394385105,43.37504915865543,43.37504915865543
2020-06-22,1078.5151515151515,21782.989898989897,7.686868686868593,93.95959595959357,30.991201067470502,30.835859029248873,43.60849004658862,43.60849004658862
2020-06-23,1086.020202020202,21873.60606060606,7.505050505050576,90.61616161616257,31.15245314487518,30.99630280206025,43.83539180609677,43.83539180609677
2020-06-24,1093.3131313131314,21960.929292929293,7.29292929292933,87.32323232323324,31.309822279303567,31.152883093434525,44.05682977775861,44.05682977775861
2020-06-25,1100.3535353535353,22045.11111111111,7.040404040403928,84.1818181818162,31.46268108508189,31.304975666383044,44.27192115715862,44.27192115715862
2020-06-26,1107.2828282828282,22126.272727272728,6.929292929292842,81.16161616161844,31.61174538276174,31.45329274887756,44.48167318675397,44.48167318675397
2020-06-27,1113.979797979798,22204.40404040404,6.696969696969745,78.13131313131089,31.756965463880455,31.597784883737738,44.68601592352948,44.68601592352948
2020-06-28,1120.4040404040404,22279.62626262626,6.424242424242493,75.22222222222263,31.898066129221064,31.73817825296109,44.8845621303524,44.8845621303524
2020-06-29,1126.6868686868686,22352.030303030304,6.282828282828177,72.40404040404246,32.035341665423154,31.874765663817428,45.077725899234856,45.077725899234856
2020-06-30,1132.828282828283,22421.696969696968,6.141414141414316,69.66666666666424,32.16902743375026,32.007781301608595,45.26583841820683,45.26583841820683
